0	16435	7656	10737	9703	3817	17505	5741	18325	3671	7334	5963	10360	1822	5494	6633	10692	4494	6697	2185	2912	5903	7232	7225	6856	5587	13581	3149	3195	16989	15156	5484	10496	2382	4902	3146	3057	5474	3027	3244	10955	2071	7461	4807	2802	3374	19239	1649	5267	2267	2092	7066	4598	1956	789	3520	3126	14698	3276	11193	8496	6862	8795	7155	892	5689	5374	3532	3740	4076	2911	3256	16912	2462	5310	5153	12760	2190	17467	14603	4827	9156	11922	12463	2627	3165	6683	2010	7438	3245	17754	2643	14156	9839	14908	7386	11346	4661	10792	2868	14275	15884	5644	18424	3663	17557	2467	3984	4155	5416	12251	16784	3324	10527	14918	1808	8545	1869	1521	4146	18612	13727	1761	3332	1219	5153	1857	2575	17583	8147	6100	3441	14670	4084	2346	5893	4398	4214	8676	3918	3905	2738	8552	16488	15025	1239	7965	17473	1417	18786	9663	6631	1013	5893	5974	18043	10114	7466	3035	1302	4177	13047	6643	1383	9428	4285	2311	4635	4867	11457	2834	12211	1913	3243	7431	15051	18622	5018	1535	18096	3532	7601	6355	3435	5037	6569	8916	4624	12238	12618	7375	5410	3397	4233	4150	5482	17587	8782	1721	2110	5448	16172	5243	5459	15585	5909	11290	7645	3892	15400	3090	19206	16199	5424	2201	1983	3052	5952	8152	4130	1706	1461	3694	4635	2100	1934
16435	0	14339	12858	8230	13131	2003	11717	5093	18863	15416	16610	8553	14849	18090	15284	9045	12824	16410	18531	16420	17450	13254	16194	16253	17269	5583	19418	18655	6526	6772	11989	11383	17343	14753	17290	16494	11059	18734	15369	7102	18501	16110	18747	19224	13691	4025	18055	17882	18527	18479	9890	18813	15188	15647	13002	13310	8836	18773	5493	10061	16593	13175	13959	17068	16108	12386	16428	12832	12362	18862	14432	6524	15735	16001	16511	10248	16797	3122	1871	14185	13213	11466	8510	19010	14074	15245	18341	12540	19373	1337	19078	9312	10736	8303	15381	10995	18484	9904	13775	2548	1525	17866	3888	15102	5059	17038	15159	19038	18015	6706	6048	16565	11992	5681	14689	11893	17729	17897	16267	2566	6478	18054	19706	17462	16511	17099	17525	4179	15412	10635	17815	6079	19090	18122	15570	16541	12780	14206	17607	14371	19158	14836	6447	5478	17342	14932	5827	16448	3609	9617	11911	15882	15570	14625	1811	13145	12248	17067	17591	18937	9307	11151	15491	14163	15788	18731	16136	14435	7484	16275	7483	15132	18514	15735	1414	2236	16540	17691	3751	16428	14313	13438	15108	11566	14173	14279	12007	11112	10964	16213	17503	18280	17801	16880	17287	3052	10771	17942	18081	11563	273	16780	12308	4962	13276	6105	12415	16994	3215	13458	3274	5744	18171	16952	17987	16341	13143	11357	18492	16833	16343	14526	18883	18529	15996
7656	14339	0	6265	17320	11433	14757	13393	12004	4683	1665	2304	7096	7927	4869	9484	15984	12148	2759	6700	9176	6368	12062	6486	7332	7328	18036	6222	4896	9757	13933	13132	12020	5273	10934	8391	4767	12302	6941	5347	18551	6485	4527	5608	5920	7638	11594	6840	3720	5869	6651	14467	6007	7117	8212	10682	9889	7995	4900	16601	15629	6235	10800	11096	6777	1990	12942	4272	10991	10608	6778	10760	11251	5909	2366	8810	10528	5552	11356	15330	11488	1555	8708	14815	6361	10810	9500	6834	3516	6307	13558	6110	9554	3978	10981	8373	3692	6491	14411	8482	16510	15815	4383	11122	5106	13213	8503	10496	4705	6050	18287	9133	9109	2911	8659	9219	13211	7581	7003	9407	13720	7941	7047	5623	7421	8810	5811	8069	14161	5912	13318	4308	15731	4753	7384	9631	3276	11831	8762	3834	11111	6185	7089	8834	16030	6452	8363	9891	6446	13372	15864	13751	7303	9631	10840	12983	8322	13301	8596	7302	6381	5413	14235	9035	5354	3725	6417	9465	4285	17851	9285	7261	9557	7178	2690	15119	13443	2648	7390	11055	4272	10133	12175	10412	12153	2123	7976	9442	5443	6905	4758	7150	4527	7694	8749	2989	14745	14702	6157	7308	13017	14514	2560	13027	15849	12414	18475	3454	8671	16966	10392	12045	8875	5170	5499	5834	4843	4627	4669	6951	8398	8673	5764	4872	6480	6251
10737	12858	6265	0	13996	13458	11345	13716	7835	7293	5024	5937	12204	12223	5255	6483	10574	13236	4793	8586	9616	5056	8695	3818	4614	5785	11849	7611	7821	6415	7909	13538	6389	9210	9653	8657	9488	15878	7906	10595	13812	8667	3340	5944	7940	12947	8895	9102	5809	8549	8664	15737	6203	11691	11524	14063	13858	4167	7701	17094	12440	4079	6086	7664	10058	6977	12898	9156	14163	14803	7953	11802	6465	10722	7644	7198	4264	9782	10583	14656	10551	5363	2444	8650	8123	12441	6455	8773	9700	7534	11534	8094	3827	8999	5174	4876	5644	6268	8803	13243	14636	13055	5174	9312	10573	8303	9362	10117	6698	5429	12157	7459	9142	5051	10007	12445	8927	9192	9249	8657	10408	10370	9049	7412	9647	7198	9692	8912	9392	2681	15778	8067	9623	6764	8686	7267	8172	13680	4140	7750	11283	8002	2853	7058	10074	9744	4369	7251	10472	9437	11261	11934	11202	7267	8445	11155	2660	10042	8928	9529	6685	6183	13435	11531	1353	9117	8430	8255	10232	12139	9821	11003	11754	7814	4207	14221	10637	7423	9371	9611	9156	6300	9709	10700	15276	8357	3229	14882	2899	1976	3385	5853	7825	7215	8050	5995	10522	10583	9145	8850	14554	13119	6864	12927	10142	10591	15194	9592	8217	12352	13597	9666	8496	5314	9638	8993	9645	10859	10670	6926	9960	10531	11335	6138	8638	10724
9703	8230	17320	13996	0	6000	7952	3969	10453	12693	16328	15182	13785	9674	12974	8766	3466	5214	15191	10650	8212	11715	6093	12070	11084	10675	4064	11210	12440	12694	7743	4221	7606	12080	6630	9064	12686	5677	10504	12338	1252	10852	14062	12111	11451	10333	11084	10485	13874	11457	10691	3365	11689	10492	9201	6955	7818	14029	12446	4076	2027	12178	8168	7177	10570	15331	4379	13181	6631	7271	10647	6560	10920	11667	15012	9035	10186	11855	11299	6905	5965	18558	11809	5738	11015	6539	8766	10508	15680	11144	9124	11255	11849	17033	10562	10208	18930	11247	5215	9333	5809	6824	13446	11588	12662	9121	8869	6929	12762	11868	2884	13542	8338	19039	13826	8244	5338	9762	10321	8162	8975	14307	10286	11794	9899	9035	11559	9326	8312	13034	4540	13012	6064	12705	9992	8367	14101	5608	10305	13485	6228	11194	12009	13815	6013	10886	10439	12710	10980	9237	2754	3696	10154	8367	7049	9704	11399	4686	8837	10019	11241	17279	3086	8320	14270	13842	10933	8205	13736	2362	8088	14494	7792	10303	15651	7223	9266	14680	9938	11652	13181	8413	5610	6941	5639	15985	11237	8836	16120	14314	13806	10802	12800	9967	8864	14513	7895	3623	11164	10049	4507	8023	14771	4294	6383	5155	2264	15868	8895	5735	7169	10662	13828	12683	11891	11487	12637	13969	15114	10683	8929	8647	12144	12727	10858	11257
3817	13131	11433	13458	6000	0	13699	2085	16397	7340	11125	9756	11597	3752	8732	7361	7917	980	10376	5421	3845	8460	6189	9644	8864	7674	10037	6311	6923	18469	13047	1880	9852	6179	4226	4824	6693	2454	5808	6400	7233	5487	10663	7862	6235	4843	16924	5039	8890	5926	5398	3292	7510	4553	3221	1459	2273	17500	6981	7638	5251	9412	8797	6810	4709	9493	2102	7189	1223	2417	5831	1676	16395	5687	9067	6332	13088	5882	15939	11288	3457	12958	13389	10285	5891	1021	7402	5235	10364	6332	14402	6037	15282	12724	14898	8810	15087	7321	8805	3741	10664	12179	9026	17018	6761	15002	4168	3497	7699	8178	8767	19109	4317	14331	15985	2246	6966	4604	4863	4854	14799	15048	4954	6732	4402	6332	5629	4654	14299	10818	2515	7256	11739	7628	5049	6489	8157	399	9900	7734	2385	6058	10679	19513	11856	5053	9400	18705	4993	15222	6746	3794	4155	6489	5645	14936	11657	5529	4547	4536	6987	16690	3118	2486	12399	7844	5666	5308	7935	8053	3641	13636	2030	5810	11096	11740	14934	8819	4578	16829	7189	7950	4966	2814	1833	10049	10589	4303	15772	15407	10500	7613	7179	6258	5419	9228	13853	6289	5470	4960	1637	12861	9060	2167	12306	4072	7475	10585	5243	11598	1372	16304	17892	8558	5934	5765	6638	8589	10568	6634	3722	3212	6381	8016	5507	5259
17505	2003	14757	11345	7952	13699	0	11857	3548	18633	15190	16562	10285	16446	16484	13448	7751	13091	15771	18239	15826	15474	11818	14278	14253	15286	4414	17982	19160	5472	4775	12123	9458	19345	13782	16296	18439	12129	17474	17368	6707	18543	14683	16833	18590	15570	3228	18337	17110	19192	18344	10440	16817	16979	16803	14055	14603	7693	19032	6405	9429	14689	11266	12320	18389	16747	12331	18238	13807	13676	17691	14512	4880	17715	16999	14826	8287	18780	3661	3378	13494	13312	9630	6730	18288	14434	13404	18191	14039	17827	1561	18536	7593	11885	6444	13383	11078	16490	8259	15442	3368	1733	16504	3637	17081	3161	16507	14483	18005	16050	5714	5662	15702	11951	6575	15739	10417	17511	18199	15094	1109	7612	18075	18316	17826	14826	18988	16811	2197	13670	11421	19061	4264	18064	17495	13892	17846	13305	12203	18581	14096	18374	12934	5993	3702	18742	12929	5051	18213	1919	8568	11355	17430	13892	13219	2011	11215	11098	16200	17934	16971	9347	11038	16176	12697	17469	18464	14781	16271	6535	15773	8892	15676	17141	15039	2999	1315	17395	17796	3736	18238	12445	12312	14747	12515	15395	12313	13748	10240	9626	14704	15517	19107	16106	15502	17018	1049	9633	19115	17674	12064	2152	17256	12246	3136	12438	6226	13874	15702	2226	14458	2713	5916	16434	18937	19439	18302	14973	12987	16649	16813	16596	16528	17376	18531	17898
5741	11717	13393	13716	3969	2085	11857	0	14312	8988	12826	11496	12955	5836	9942	7233	5956	1246	11903	6951	4788	9235	5267	10182	9242	8273	7967	7701	8645	16454	11067	273	8614	8122	4093	5781	8723	3050	7071	8484	5218	7095	11678	9025	7784	6833	15043	6682	10419	7637	6963	2100	8620	6638	5238	3319	4209	16715	8677	6392	3222	10066	8026	6173	6616	11413	827	9217	3003	4013	7157	2735	14440	7764	11049	6664	11901	7887	14813	10019	3194	14861	12758	8409	7380	2583	7262	6784	12404	7679	12839	7581	14100	14698	13306	8842	17085	8305	7081	5741	9169	10518	10328	15445	8846	12920	5337	3820	9220	9118	6685	17504	5104	16211	16300	4317	5612	6064	6509	5313	12916	15858	6528	8219	6061	6664	7594	5838	12226	11390	2217	9113	9670	9153	6406	6461	10137	1721	9652	9593	2747	7559	10884	17782	9772	6942	9350	16654	7016	13201	4781	2173	6204	6461	5276	13415	11344	4190	5509	6189	8100	18767	1053	4359	13025	9902	7225	5612	10016	5968	4613	14816	3836	6969	12570	10438	13155	10747	6157	15422	9217	7503	4111	3471	2597	12128	10513	5918	16561	15346	11465	8290	8960	7061	6013	10895	11864	4534	7271	6395	1124	11466	10913	790	10222	3179	5699	12624	5926	9671	3392	14564	17423	9709	7922	7587	8681	10612	12477	7628	5175	4796	8452	9391	7108	7323
18325	5093	12004	7835	10453	16397	3548	14312	0	15112	11887	13207	10965	19839	13073	11753	8643	15481	12271	16203	15648	12480	11510	11165	11481	12743	6390	15275	15636	2254	3669	14522	8022	16908	13878	15235	16743	15564	15316	17229	9254	16372	11171	13659	15712	18214	1864	16745	13562	16371	16311	13554	13820	19079	18885	17343	18077	4222	15523	9914	11188	11543	9644	11406	17869	13799	14407	16259	17035	17196	15445	16150	1440	17902	14335	13217	5572	17397	4104	6825	14186	10449	6437	6504	15799	16581	11703	16363	13195	15162	3844	15838	4230	10778	3417	10939	8478	13708	8143	18832	6914	5281	13008	2849	16872	1411	15963	14839	14531	12993	7636	3443	15172	9107	6228	18570	10314	16458	16847	14344	2574	7423	16590	15202	17108	13217	17450	15783	2160	10319	14677	15710	4696	14598	15979	12534	15204	16025	9650	15291	15295	15716	9821	3557	4543	17573	10359	2390	18240	1632	9780	12852	19037	12534	12638	3640	8224	11572	15381	17032	14204	6940	13284	17942	9179	15709	16126	13832	15689	8344	15773	8983	17542	15087	11551	6399	2863	14454	16792	3261	16259	10814	12543	15527	15836	13572	9419	17059	6838	6078	11218	12924	15577	14093	14242	13539	2928	10449	16970	16217	14956	5338	14067	14329	4095	13178	9331	12974	14499	5185	17617	2419	4546	13097	17288	16828	16837	14907	12774	14209	16760	17187	17203	13966	16341	18241
3671	18863	4683	7293	12693	7340	18633	8988	15112	0	3839	2519	10332	4934	2171	5848	12116	7806	3045	2054	4494	3356	7909	4454	4621	3771	15579	1584	529	13320	14120	8715	9670	1984	6318	3735	2623	9140	2299	3813	13877	1894	3953	1983	1242	5808	15725	2319	1597	1422	2029	10633	2131	4419	4434	7189	6716	11045	411	14864	10960	4040	7903	7206	2852	2814	8397	2579	7410	7658	2117	6256	13758	3615	2870	4655	10442	2572	16034	18010	6810	5944	9027	12607	1680	6488	5885	2210	6326	1698	18196	1438	11040	8151	12210	5587	8199	2566	11251	5952	17945	19506	2128	15584	4014	15490	3826	5816	648	2781	14428	13431	4440	7242	13295	5479	9273	2948	2495	4834	17657	12432	2460	987	2953	4655	2410	3386	16504	4979	9746	1138	15002	601	2704	5595	2332	7720	6673	1265	6471	1503	5773	13059	15614	2510	5969	13864	3180	16729	11509	9068	3928	5595	6532	17615	7501	8883	3923	2821	2182	9925	9672	4868	5942	3141	1773	5005	4532	13637	4608	11384	5312	2577	3775	18361	17722	2337	2832	15615	2579	6798	7681	5752	8706	4693	6451	7648	8573	9046	3929	3535	690	3366	4257	1909	17688	10365	1953	2646	8966	18890	2157	8479	16097	7774	14685	6449	4124	17951	6760	16385	13485	2255	2417	1734	2788	5804	7519	2669	3819	4205	4670	1300	1881	3488
7334	15416	1665	5024	16328	11125	15190	12826	11887	3839	0	1372	8760	8089	3389	7892	14324	11643	1172	5877	8194	4792	10524	4824	5689	5793	16797	5190	4212	9764	12927	12553	10389	5073	9699	7293	4911	12579	5875	5820	17294	5733	2866	4224	5046	8234	11979	6155	2474	5219	5863	14400	4644	7346	8021	10726	10066	7672	4166	17904	14366	4584	9136	9515	6449	2036	12209	4471	10997	10920	5751	10092	10839	6177	2689	7364	9231	5513	12299	16780	10374	2233	7420	13279	5459	10318	7904	6043	5076	5239	14365	5248	8663	5600	10086	6718	4422	5097	12753	8869	17893	16684	2906	11746	5700	12848	7568	9429	3638	4540	16646	9605	8019	3429	9876	9083	11599	6768	6329	8166	14082	9326	6299	4634	6785	7364	5637	7087	13918	4271	13397	3911	14644	3701	6460	8121	3399	11515	7106	3449	10239	5279	5451	9245	15095	6097	6699	10140	6389	13451	14299	12635	7261	8121	9389	13787	6781	11838	7533	6654	5086	6119	13461	8639	3920	4214	5602	8136	5214	16195	8338	8823	9115	6051	1038	16479	13968	2617	6671	11781	4471	8492	10790	9504	12270	3448	6342	10167	5049	6110	3094	5636	3947	6366	7466	1931	14811	13164	5655	6446	12762	15642	2180	12288	15117	11176	18507	5044	7433	17054	10351	12578	9689	3687	5413	5363	5037	5887	6283	5646	7652	8043	6445	3606	5720	6378
5963	16610	2304	5937	15182	9756	16562	11496	13207	2519	1372	0	9012	6781	2674	7329	13914	10295	1165	4572	6971	4246	9817	4684	5362	5128	17064	3973	2855	11121	13771	11223	10438	3724	8642	6130	3664	11253	4683	4684	16315	4405	3068	3328	3752	7087	13349	4814	1427	3865	4546	13028	3717	6067	6654	9373	8741	8985	2819	16831	13347	4349	8935	8905	5078	1172	10915	3268	9637	9620	4536	8769	12084	4938	1790	6530	9932	4191	13543	17547	9235	3430	8190	13479	4180	8963	7351	4728	5014	4044	15677	3951	9722	6171	11106	6438	5681	4206	12589	7619	18708	18004	2209	13088	4637	14073	6320	8258	2427	3849	16365	10962	6854	4725	10946	7717	11044	5466	4987	7110	15453	10244	4974	3388	5437	6530	4286	5857	15164	4507	12035	2547	15323	2481	5198	7382	2240	10147	7111	2095	8980	4000	5638	10608	15870	4726	6569	11511	5051	14795	13605	11508	5917	7382	8554	15096	7201	11009	6350	5308	4078	7407	12189	7270	4674	3185	4292	7161	4411	15696	7099	9490	7750	4900	1751	17397	15334	1488	5341	13100	3268	8087	9872	8255	10919	3228	6508	9040	6379	7285	3219	4932	2576	5391	6446	686	16134	12436	4286	5159	11393	16802	933	10997	16043	10126	17194	5049	6373	18272	8990	13938	10969	2967	4082	3992	3805	5346	6289	4648	6336	6701	5399	2570	4394	5086
10360	8553	7096	12204	13785	11597	10285	12955	10965	10332	8760	9012	0	8874	11656	16175	16928	12492	9813	11434	13271	13241	17555	13577	14366	14007	13892	11713	10126	9830	14514	12958	18441	9167	15186	13274	8176	9906	12271	7348	13624	11119	11613	12106	11128	7279	9161	11114	10329	10537	11310	11587	12390	8435	10136	10146	9425	10360	10231	9900	15336	13303	17896	17410	10049	7983	13497	7965	10377	9193	12055	12713	11775	8042	7626	14912	15175	8833	7148	8578	14797	7213	14080	17013	11457	12074	16210	11417	4072	11863	8759	11207	12966	3334	13532	15435	6577	12866	18414	8252	9698	9922	11213	8162	6961	12104	12758	14226	10774	12783	14585	7991	13648	7177	4758	10293	18550	11873	11160	14434	10052	3591	11400	11223	11247	14912	9272	12683	11909	12939	10857	9269	14548	10779	12113	15852	8002	11738	15804	9068	13626	11365	14082	8126	13980	10002	15458	9030	9139	10748	16539	15127	9356	15852	16326	8456	14841	17101	13264	11228	12514	6495	13757	11121	11945	7253	11256	14858	5989	15065	13192	2059	11472	12605	9776	8553	9484	8168	11483	7774	7965	17069	16455	13525	10375	5843	14927	7295	9607	11353	11850	13782	9730	13615	14197	9573	11187	17194	10285	11880	11831	8559	8603	13529	13421	15647	12030	3996	13969	11684	10345	8854	6615	11932	8943	10066	8062	4697	2824	12981	12056	11783	6710	11267	11140	8541
1822	14849	7927	12223	9674	3752	16446	5836	19839	4934	8089	6781	8874	0	6997	8417	11533	4678	7737	3914	4535	7631	8681	8942	8647	7391	13738	4831	4407	17660	16520	5630	12163	3100	6313	4932	3209	4493	4814	2667	10864	3734	8883	6432	4378	1630	17983	3374	6470	3705	3804	6541	6283	819	1297	2757	1988	15760	4524	10110	8974	8560	10534	8780	2221	6157	5758	3687	3070	2839	4678	4036	18658	2019	5608	6949	14582	2591	15750	13141	6005	9481	13676	13684	4308	3596	8467	3759	6666	4947	16078	4259	15868	9079	16727	9208	11427	6409	12046	1080	13087	14716	7048	16995	3013	18751	4209	5352	5525	7111	12503	16413	5007	10816	13611	1604	9877	3691	3278	5836	17388	12415	3538	4882	3034	6949	2569	4378	17942	9766	5407	4296	15469	5459	4164	7642	4750	4119	10497	4705	4894	4384	10290	16309	15608	2502	9784	17474	1777	18365	10393	7324	1034	7642	7550	16261	11901	8617	4791	3105	5910	12946	6869	2250	10874	4212	3980	6347	4185	11804	4412	10856	2648	5049	8453	13561	17070	5507	3350	16584	3687	9360	7648	4664	4245	6324	10709	2858	13137	13950	8843	7207	4449	6054	5927	6467	17114	9733	3106	3923	5167	14608	5909	5835	16044	7011	10748	6887	5670	14878	2505	17447	15297	6982	2708	3232	3107	4945	7072	5921	3414	2996	2658	6101	3766	1716
5494	18090	4869	5255	12974	8732	16484	9942	13073	2171	3389	2674	11656	6997	0	4656	11240	8932	2224	3400	5155	1585	7193	2360	2786	2464	14477	2446	2683	11564	12058	9678	7964	4153	6365	4165	4737	10875	2933	5938	13910	3437	1980	919	2693	7974	14067	3885	1335	3299	3459	11895	1334	6554	6283	8937	8621	9255	2550	16316	10983	1955	6338	6244	4806	3677	9201	4599	9101	9570	2901	7312	11669	5785	4101	3976	8296	4741	15249	19790	7109	5588	6858	11017	2923	7754	4677	3591	7605	2406	16753	2857	8908	8822	10043	3853	7635	1733	9957	8050	18638	17996	488	14271	6093	13325	4644	6232	1525	1183	13691	12150	4860	6612	13206	7251	8378	4140	4043	4854	15645	12714	3876	2162	4473	3976	4553	4140	14334	2814	11245	3201	13205	1581	3683	4763	4000	9064	4733	3095	7205	2782	3629	11742	13816	4500	4092	12283	5296	14639	10994	9320	5966	4763	6005	16304	5356	8462	4435	4346	1844	9207	10343	6435	3934	4978	3209	4770	6392	13042	5334	12128	6768	2984	2724	19472	15891	3587	4230	14463	4599	5425	7401	6473	10356	5819	4364	9783	7040	7128	1881	2281	2821	3025	4136	2083	15518	9834	3897	3782	10246	18360	3085	9271	14200	7823	15230	7665	4142	16473	8479	14823	12664	301	4586	3769	4905	7568	8878	2352	5010	5537	6790	899	3410	5648
6633	15284	9484	6483	8766	7361	13448	7233	11753	5848	7892	7329	16175	8417	4656	0	6585	6879	6737	5001	4002	3116	2677	3319	2321	2210	9911	4539	6082	11823	8813	7060	4023	7184	3212	3489	8144	9763	4077	9130	9445	5302	5297	4095	5144	10007	13585	5428	5941	5802	5132	9278	3791	8550	7145	8488	8823	10149	5970	12797	6755	3414	2222	1624	6635	8263	6417	8288	8418	9504	4285	5722	10498	8555	8569	1489	6255	7611	15846	15154	4095	9897	6051	6775	4871	6450	50	5068	12120	4386	14881	5096	8150	13460	8426	1621	11472	3310	5427	9361	13984	13932	5130	14490	9470	11024	4212	3867	5403	3481	9037	13464	3483	10534	16479	7485	3730	4822	5435	2697	13444	16750	5166	4985	5501	1489	7199	4061	11544	4403	9350	6930	9219	5397	4441	878	8175	7463	2540	7111	4990	4932	3672	13129	9813	6576	2121	12789	7537	12552	6407	5603	7615	878	1973	15044	4299	4082	3628	5473	3667	12537	7039	6450	5943	8957	5122	2176	10287	8395	4172	16708	6347	3750	6991	15247	14003	8023	5207	14907	8288	1013	3346	4585	9144	10381	3304	10933	9356	8218	5041	2422	6466	2670	2489	6711	12465	5282	6165	4694	8121	15292	7619	6445	10345	4148	10960	12215	2747	12169	8094	14163	14767	4362	7479	6324	8277	11587	13352	3227	5010	5485	9896	4932	5276	8126
10692	9045	15984	10574	3466	7917	7751	5956	8643	12116	14324	13914	16928	11533	11240	6585	0	6941	13235	10495	8121	9681	4211	9500	8657	8789	3463	10562	12159	10556	5132	6093	4229	12644	6041	8557	13586	8627	9882	13923	3345	10794	11485	10638	11058	12758	10032	10623	12518	11453	10595	6448	10287	12247	10553	9267	10150	11083	12089	7069	2758	9749	5201	5025	11335	14800	5824	13967	8956	9937	10089	7561	8498	13135	14985	7507	6757	12748	11379	8569	5892	15827	8343	2499	10647	7938	6563	10440	18131	10433	9292	10919	8611	19373	7499	7611	15850	9791	1774	11657	7401	7541	11711	10905	14338	7244	8783	6822	11826	10066	2451	12084	7952	15574	14286	9929	2889	9788	10514	7369	8389	15363	10344	11138	10250	7507	12321	9060	6898	10161	7492	12994	4003	11802	9747	6597	14351	7614	7294	13329	6802	10787	9009	12157	4335	11524	7636	11009	12106	8094	1176	4209	11531	6597	5585	9761	8068	3350	8449	10321	10032	15114	4915	9492	11058	14771	10742	7128	15556	1870	8105	16527	8994	9574	13319	8682	8893	14444	10121	11176	13967	5864	4562	7270	8378	16806	8148	11777	12728	10900	11245	8991	12583	8764	7876	13290	7132	1921	11481	9923	6945	8959	14134	5754	4907	4804	4923	18336	8034	5839	9285	9993	13093	10947	12696	11776	13636	16477	18406	9490	9251	9271	14177	11455	10783	12614
4494	12824	12148	13236	5214	980	13091	1246	15481	7806	11643	10295	12492	4678	8932	6879	6941	0	10777	5793	3820	8420	5394	9499	8632	7534	9191	6598	7440	17489	12069	995	9000	6876	3670	4830	7484	2913	6011	7293	6464	5914	10773	8026	6626	5821	16288	5489	9284	6431	5794	2963	7641	5462	4001	2410	3249	16949	7479	7384	4299	9321	8086	6120	5371	10172	1121	7976	2140	3303	6073	1620	15415	6556	9803	6040	12277	6643	15848	11054	2813	13627	12784	9306	6239	1343	6916	5619	11323	6593	14005	6424	14499	13697	13980	8419	15840	7379	7838	4720	10289	11702	9282	16640	7668	14073	4288	3120	8081	8222	7893	18749	4215	14988	16622	3115	6061	4920	5314	4592	14158	15831	5353	7086	4859	6040	6348	4792	13439	10704	2547	7878	10795	8012	5302	6036	8891	755	9404	8359	1954	6416	10391	19017	10942	5699	8981	17860	5777	14441	5772	2819	4977	6036	5034	14573	11156	4614	4550	4990	7114	17531	2211	3113	12333	8671	6060	4982	8860	7153	3627	14503	2592	5950	11470	11490	14381	9504	4978	16570	7976	7348	4170	2581	2314	10915	10174	5221	15861	15087	10583	7512	7741	6203	5239	9715	13109	5313	6043	5263	1359	12563	9682	1188	11415	3240	6900	11544	5106	10914	2352	15788	18291	8723	6677	6355	7445	9557	11548	6689	4022	3601	7326	8308	5929	6101
6697	16410	2759	4793	15191	10376	15771	11903	12271	3045	1172	1165	9813	7737	2224	6737	13235	10777	0	4988	7170	3628	9356	3772	4578	4622	16067	4202	3502	10309	12607	11630	9469	4638	8566	6231	4732	12130	4851	5806	16122	4893	1963	3082	4158	8186	12680	5338	1494	4467	4995	13664	3505	7073	7440	10197	9647	8080	3425	17846	13206	3492	8092	8357	5845	2305	11227	4372	10434	10561	4751	9181	11060	5995	2946	6195	8771	5159	13298	17934	9274	3368	7025	12463	4538	9491	6751	5166	5955	4230	15236	4359	8601	6734	9967	5629	5478	3944	11745	8642	18958	17448	1746	12592	5782	13015	6576	8354	2697	3368	15632	10424	6951	4461	11006	8498	10457	5857	5514	7041	14683	10492	5440	3692	5975	6195	5182	6082	14112	3417	12789	3441	14177	2766	5497	6949	3381	10750	6142	3047	9232	4362	4577	10040	14713	5493	5668	10819	5970	13895	13141	11516	6809	6949	8218	14677	6078	10665	6483	5841	3969	7124	12439	7912	3513	4345	4728	6986	5572	15095	7327	9985	8346	4995	734	17599	14680	2647	5817	12682	4372	7375	9623	8493	11731	4212	5463	10139	5543	6242	2147	4464	3337	5225	6332	1270	15163	11998	4977	5517	11991	16658	2076	11303	14879	10036	17434	5958	6314	17145	9782	13348	10672	2520	5033	4722	4883	6466	7209	4518	6755	7199	6545	2536	4874	6085
2185	18531	6700	8586	10650	5421	18239	6951	16203	2054	5877	4572	11434	3914	3400	5001	10495	5793	4988	0	2502	3727	6427	5046	4745	3519	13877	975	1811	14961	13813	6678	9023	2271	4483	1943	3267	7475	957	4141	11852	316	5380	2642	833	5280	17464	542	3493	958	131	8688	2414	3751	2956	5538	5275	12653	1801	13056	8986	4678	7222	5977	1755	4761	6344	3540	5702	6217	782	4217	14764	3557	4656	3547	10761	2624	18041	16660	4850	7997	9766	11579	478	4505	5048	191	7752	1061	19770	631	11984	9879	12841	5404	10253	2495	10009	4992	16071	17454	3631	17577	4500	15911	1818	3850	2291	3232	12612	15408	2558	9292	15171	3865	7828	894	666	3145	18436	14169	477	1311	1073	3547	2201	1447	16544	5968	7905	2545	14034	2222	749	4449	3884	5782	6675	2957	4422	638	6384	15017	14571	1608	5946	15672	2588	17460	9717	7070	2915	4449	5028	19664	7989	7154	2050	948	2000	11978	7619	3041	7305	4321	284	3471	5456	11795	2592	12898	3407	1262	5692	17118	18968	4184	844	17657	3540	6014	5938	3713	6965	6359	6803	6768	10380	10508	5267	3319	2209	2353	2768	3948	17409	8628	1167	612	7013	18258	4143	6425	15149	5872	12639	7918	2554	16188	5079	18223	15538	3290	2502	1369	3374	6739	8787	2036	1776	2216	4895	2610	297	3153
2912	16420	9176	9616	8212	3845	15826	4788	15648	4494	8194	6971	13271	4535	5155	4002	8121	3820	7170	2502	0	4631	4340	5800	5053	3833	11413	3007	4311	15737	12244	4523	7633	4522	2094	1010	5474	6271	2322	6025	9383	2760	6954	4238	3256	6164	17512	2516	5724	3420	2573	6771	3839	4855	3238	4643	4851	13737	4290	11170	6486	5570	6015	4260	3299	7259	4065	5846	4649	5610	2444	2231	14483	5279	7152	2663	10254	4663	19485	14805	2349	10391	9916	9602	2815	2825	4051	2398	10052	2956	17268	3068	12104	12309	12418	5169	12616	3559	7943	5397	13897	15031	5543	18476	6435	14647	686	1350	4563	4403	10125	17075	528	11615	17620	3483	5690	1685	2396	1319	16497	16511	2249	3583	2142	2663	4224	1114	14788	6975	6290	5034	11934	4503	1792	3164	6351	4098	6393	5459	2065	2991	6882	16670	12386	3432	5779	16694	4176	15985	7259	4578	3921	3164	3063	17815	8077	4777	730	2204	3315	14293	5274	2450	8571	6650	2781	1842	7570	9305	205	15066	2372	2186	7804	15218	17014	6686	2000	18897	5846	4874	3586	1326	5661	8808	6920	6931	12052	11578	6763	3768	4712	2416	1645	6308	15245	6214	3364	1892	5170	16191	6630	4139	12973	3389	10315	10238	1431	13689	4208	17905	17819	4927	4594	3668	5536	8760	10936	2870	1219	1539	6578	4635	2758	4762
5903	17450	6368	5056	11715	8460	15474	9235	12480	3356	4792	4246	13241	7631	1585	3116	9681	8420	3628	3727	4631	0	5733	1323	1272	1044	12893	2803	3781	11444	10768	8994	6430	5208	5305	3637	5970	10832	2909	7144	12517	3897	2484	1376	3309	8880	13870	4269	2916	4040	3831	11313	1371	7368	6656	9019	8920	9223	3645	15521	9689	984	4763	4731	5424	5261	8432	5929	9108	9834	2997	6860	11040	6836	5666	2720	7202	5771	15624	18210	6146	6884	6046	9467	3323	7440	3133	3895	9187	2683	16321	3395	8257	10344	9172	2299	8726	1248	8372	8711	17076	16628	2036	14365	7366	12393	4313	5415	2749	579	12128	12460	4206	7721	14273	7466	6846	4184	4383	3927	14916	14003	4145	2873	4719	2720	5481	3856	13281	2376	10920	4487	11733	2775	3671	3354	5481	8727	3317	4494	6522	3257	2660	12050	12349	5190	2620	12305	6119	13869	9513	8205	6612	3354	4666	16079	4314	7071	3915	4616	1727	10124	9421	6500	3941	6416	3651	3688	7832	11508	4832	13613	6699	2774	3947	18167	15322	5141	4418	14666	5929	3843	6109	5843	10243	7403	3171	10488	7442	7032	2251	960	4046	2219	3223	3669	14432	8372	4605	3861	9778	17626	4660	8489	12783	6674	13968	9249	3324	14959	8554	14636	13297	1315	5615	4590	6133	9059	10459	1873	4909	5483	7999	2127	3865	6584
7232	13254	12062	8695	6093	6189	11818	5267	11510	7909	10524	9817	17555	8681	7193	2677	4211	5394	9356	6427	4340	5733	0	5978	4991	4739	7671	6372	7983	12525	7935	5179	3692	8679	2369	4498	9672	8224	5716	10351	6787	6739	7973	6491	6897	10279	13307	6660	8392	7374	6541	7084	6117	9135	7423	7597	8241	11593	7903	10147	4096	6090	2759	1096	7622	10608	4557	9966	7405	8601	5928	4903	10658	9616	10775	3308	6901	8927	15232	12636	2815	12572	7497	5267	6508	5579	2674	6407	14162	6238	13379	6776	9112	15981	8795	4150	14070	5622	3621	9325	11454	11751	7679	14304	10756	10350	4907	3329	7620	6013	6604	14372	4016	13174	17700	7280	1402	5854	6587	3295	12239	18794	6371	6938	6435	3308	8483	5061	10453	6998	7484	8834	7653	7595	5699	2435	10182	6122	4560	9138	3991	6633	6102	14183	8157	7714	4476	13379	8513	11645	3801	3251	8226	2435	1403	13775	6136	1428	4453	6471	5829	14875	4761	6434	8433	10743	6647	2967	11840	5883	4400	19293	6092	5396	9656	12815	12795	10234	6230	14684	9966	2430	1226	4035	7670	12603	5494	10424	11578	10101	7716	4912	8404	4554	3703	9158	11032	2644	7518	5908	6336	13170	9936	4550	8742	2158	8285	14313	3887	10042	7341	13573	15783	6892	8837	7777	9761	13077	15205	5281	5559	5792	10917	7284	6723	9102
7225	16194	6486	3818	12070	9644	14278	10182	11165	4454	4824	4684	13577	8942	2360	3319	9500	9499	3772	5046	5800	1323	5978	0	1005	1974	12380	4111	4929	10153	9703	9961	5755	6393	6115	4840	7067	12061	4228	8264	12646	5208	2026	2567	4591	10142	12555	5588	3600	5309	5149	12282	2660	8648	7978	10300	10235	7970	4791	16116	10071	413	4322	4893	6728	5820	9358	6954	10371	11141	4320	8002	9724	8035	6337	3518	5996	6971	14395	17442	7003	6638	4739	8804	4635	8625	3315	5216	9689	3997	15009	4691	6938	10393	7891	1909	8162	2569	7973	10022	16572	15644	2649	13089	8440	11145	5556	6406	3811	1833	11863	11275	5334	7215	13489	8777	6850	5497	5705	4913	13633	13479	5467	4124	6041	3518	6715	5123	12084	1211	12039	5539	10874	3853	4983	3863	6342	9882	2436	5455	7557	4560	1358	10871	11479	6481	1898	11035	7388	12587	9575	8849	7919	3863	5189	14756	3064	7396	5110	5938	3048	9352	10203	7797	2849	7331	4962	4572	8740	11370	6004	13455	7969	4079	3829	17201	14017	5861	5739	13410	6954	3714	6624	6926	11458	7910	2007	11799	6403	5789	1773	2034	5133	3398	4263	4250	13258	8512	5887	5179	10851	16400	5313	9405	11844	7338	14214	9709	4414	14150	9838	13319	12239	2208	6814	5846	7234	9882	10958	3170	6194	6770	9120	3157	5177	7825
6856	16253	7332	4614	11084	8864	14253	9242	11481	4621	5689	5362	14366	8647	2786	2321	8657	8632	4578	4745	5053	1272	4991	1005	0	1288	11722	3901	5031	10761	9513	9031	5181	6432	5156	4154	7226	11312	3834	8389	11711	4961	2984	2638	4459	10003	13044	5280	4116	5198	4862	11340	2564	8476	7563	9661	9710	8684	4896	15116	9077	1114	3575	3914	6492	6439	8416	7198	9693	10570	3971	7197	10056	8040	6886	2598	6043	6980	15066	17004	6051	7598	5081	8231	4398	7857	2320	4892	10364	3764	15257	4515	7329	11287	8096	1077	9166	2288	7227	9717	15949	15357	3188	13697	8624	11241	4909	5515	4020	1841	11070	12045	4556	8216	14458	8251	5924	5030	5369	4044	13794	14483	5110	4070	5640	2598	6664	4527	12075	2165	11179	5755	10466	4045	4525	2866	6744	9070	2056	5765	6679	4364	1831	11652	11081	6294	1349	11685	7253	12757	8645	7848	7660	2866	4186	15121	3258	6403	4407	5555	2795	10341	9218	7229	3786	7686	4721	3659	9103	10519	5256	14423	7331	3617	4732	16906	14250	6372	5326	14055	7198	2803	5620	6087	10696	8573	2062	11480	7324	6543	2728	1447	5311	2742	3446	4840	13205	7557	5734	4750	9969	16400	5867	8459	11511	6343	13258	10409	3629	13706	9208	13781	13105	2547	6826	5757	7387	10323	11640	2727	5617	6187	9240	3398	4929	7753
5587	17269	7328	5785	10675	7674	15286	8273	12743	3771	5793	5128	14007	7391	2464	2210	8789	7534	4622	3519	3833	1044	4739	1974	1288	0	12113	2753	4094	12035	10511	8041	5902	5391	4283	2895	6267	10102	2583	7376	11505	3759	3512	1901	3346	8799	14331	4044	3731	4078	3642	10367	1645	7269	6282	8396	8423	9915	3967	14491	8651	1796	4134	3780	5275	6055	7459	6320	8443	9290	2737	6028	11327	6943	6382	1681	7242	5905	16329	17353	5140	7916	6365	8852	3216	6656	2236	3654	9936	2605	16455	3369	8614	11287	9340	1915	9768	1218	7607	8453	16174	16078	2947	14976	7656	12412	3638	4464	3258	1282	11240	13244	3360	8765	15299	6964	5917	3748	4121	2967	14968	15046	3856	3040	4369	1681	5551	3243	13169	3171	10068	4898	11231	3262	3247	2329	6055	7908	3161	5009	5601	3209	3095	12842	11843	5104	2429	12949	6078	13950	8537	7165	6423	2329	3627	16376	4534	6050	3158	4289	1685	11141	8405	5945	4801	6912	3528	2679	8299	10578	4037	14589	6062	2344	4980	17455	15457	5838	4053	15324	6320	3069	5067	4956	9494	8180	3333	10208	8347	7746	3271	236	4435	1464	2295	4503	14244	7383	4572	3477	8889	17348	5416	7512	12333	5634	12932	10021	2440	14326	7940	15066	14201	2166	5756	4637	6419	9575	11186	1483	4332	4904	8208	2740	3728	6609
13581	5583	18036	11849	4064	10037	4414	7967	6390	15579	16797	17064	13892	13738	14477	9911	3463	9191	16067	13877	11413	12893	7671	12380	11722	12113	0	14020	15604	8631	4104	8200	6628	15848	9395	11966	16638	9559	13331	16401	2897	14160	14107	14006	14498	14265	7207	13924	15808	14824	13965	7302	13688	14556	13186	11009	11858	10161	15541	5256	5098	12715	8148	8428	14380	18153	8223	17110	10687	11230	13534	10329	6935	15723	18446	10952	7596	15770	8073	5318	9082	16627	9417	3605	14075	10462	9882	13798	17945	13894	5901	14348	8483	16266	7058	10645	14866	13196	4523	13341	4229	4088	14907	7897	16713	5064	12096	10069	15266	13354	1333	9602	11320	15403	10979	12281	6321	13098	13792	10800	5238	11962	13662	14600	13457	10952	15406	12431	4262	12654	8482	16416	2306	15247	13131	10027	17761	9653	9958	16781	9764	14224	11489	9826	2044	14645	10495	8687	14948	5270	4161	7001	14167	10027	9047	6411	10041	6742	11831	13551	13473	13296	6986	12223	12882	17856	14139	10584	17677	2144	11360	13066	11689	13028	15808	5345	5664	17901	13388	8077	17110	9067	7958	10369	9628	19734	10605	12526	12642	11133	13920	12331	16028	12222	11333	16557	4025	5260	14747	13282	8571	5505	17529	8139	2331	8025	3519	17888	11484	2378	11233	6944	10207	14205	15770	15064	16621	17321	16668	12941	12433	12315	16132	14842	14153	15289
3149	19418	6222	7611	11210	6311	17982	7701	15275	1584	5190	3973	11713	4831	2446	4539	10562	6598	4202	975	3007	2803	6372	4111	3901	2753	14020	0	1615	13992	13241	7429	8524	2672	4739	2170	3608	8433	720	4653	12355	1097	4421	1667	609	6105	16494	1500	2729	1325	1058	9537	1456	4582	3926	6504	6250	11688	1531	13944	9408	3732	6716	5747	2622	4396	7033	3756	6659	7192	564	4988	13835	4190	4439	3202	9944	3159	17488	17595	5269	7384	8847	11290	525	5358	4582	1162	7809	155	19119	617	11046	9727	11968	4668	9610	1614	9822	5911	16870	17985	2715	16701	4962	15141	2381	4286	1555	2282	12846	14550	2888	8616	14868	4839	7755	1707	1639	3250	17695	14016	1443	603	2042	3202	2797	1898	15922	4999	8816	2473	13749	1497	1297	4146	3811	6657	5901	2768	5051	463	5461	14148	14333	2398	5168	14728	3352	16655	9926	7540	3810	4146	4980	18747	7105	7302	2378	1920	1106	11303	8271	3991	6333	4463	851	3436	5752	12053	3148	12926	4326	995	4876	18050	18125	3914	1786	16854	3756	5538	6098	4315	7910	6244	5937	7688	9468	9535	4300	2532	2033	1902	2687	3304	16966	8785	1833	1352	7867	19161	3734	7111	14878	6204	13318	7949	2543	16397	6043	17259	14868	2320	3013	1884	3746	7053	8948	1335	2597	3102	5470	1713	1066	3862
3195	18655	4896	7821	12440	6923	19160	8645	15636	529	4212	2855	10126	4407	2683	6082	12159	7440	3502	1811	4311	3781	7983	4929	5031	4094	15604	1615	0	13805	14544	8374	9989	1474	6236	3649	2196	8648	2277	3363	13654	1589	4482	2406	1107	5291	16168	1968	2094	1009	1756	10212	2488	3891	3945	6703	6207	11544	138	14379	10796	4516	8199	7355	2354	2950	8094	2228	6933	7145	2071	5928	14286	3114	2880	4803	10925	2060	16231	17490	6655	6239	9541	12856	1536	6108	6122	1938	6195	1755	18448	1266	11567	8158	12726	5958	8497	2876	11427	5423	17450	19077	2657	15940	3595	16008	3628	5654	1159	3202	14383	13816	4323	7568	13397	4998	9369	2684	2139	4804	18165	12461	2154	1098	2584	4803	1882	3229	17005	5496	9290	861	15294	1102	2527	5749	2199	7309	7087	1179	6216	1381	6262	13456	15894	2005	6373	14310	2652	17256	11468	8882	3406	5749	6587	17878	7987	8863	3805	2456	2438	10232	9381	4439	6470	2877	1530	5033	4221	13573	4404	11317	4904	2589	4236	17858	18170	2385	2508	15928	2228	7059	7650	5517	8230	4652	6915	7121	9044	9565	4458	3858	424	3501	4287	2306	18185	10347	1475	2423	8557	18582	2337	8177	16413	7660	14339	6335	4125	17966	6282	16790	13762	2748	1904	1228	2356	5513	7342	2859	3515	3849	4218	1798	1583	2966
16989	6526	9757	6415	12694	18469	5472	16454	2254	13320	9764	11121	9830	17660	11564	11823	10556	17489	10309	14961	15737	11444	12525	10153	10761	12035	8631	13992	13805	0	5424	16628	8832	14837	14709	14912	14516	17565	14320	14998	11506	14994	9584	12334	14237	16716	2503	15447	11724	14724	15023	15787	12614	16841	17749	19521	19254	2310	13718	11845	13244	10461	10090	12060	16154	11596	16367	14025	19268	18683	14364	17401	2075	15649	12103	13077	5725	15244	4308	8391	15336	8203	5823	8186	14486	18103	11777	15151	11170	13928	5190	14414	3674	8831	3730	10568	6235	12675	9688	17817	8765	7148	11372	2942	14667	3580	15670	15590	12840	11843	9849	1848	15211	6855	5213	18797	11611	15606	15607	14499	4374	6281	15434	13707	16033	13077	15401	15269	4413	9085	16867	13668	6788	12912	15099	12697	12989	18163	9355	13212	16505	14346	8940	1717	6722	15801	9958	966	16137	3695	11728	14681	17013	12697	13292	4759	7660	13023	15156	15908	13100	4762	15402	17943	7661	13455	14772	13989	13535	10520	15930	7772	18089	14217	9574	7936	4416	12262	15773	3294	14025	11079	13718	16348	17986	11345	8824	17078	4768	4462	9694	12151	13638	13499	14094	11546	5075	12188	15273	15263	17201	6798	11926	16302	6315	14552	11536	10949	14318	7364	19841	3267	3262	11673	15159	15029	14599	12955	10993	13316	16347	16923	15115	12391	14968	16008
15156	6772	13933	7909	7743	13047	4775	11067	3669	14120	12927	13771	14514	16520	12058	8813	5132	12069	12607	13813	12244	10768	7935	9703	9513	10511	4104	13241	14544	5424	0	11218	4796	15902	10291	12152	16738	13418	12877	17887	6799	14111	10782	12144	13846	17890	5380	14233	13188	14559	13945	11107	12064	17067	15332	14386	15275	6287	14408	9200	7845	10113	6592	8028	15400	14874	10949	16656	14069	14952	13079	12489	3373	17368	15536	10282	3862	16395	7381	7752	10525	12580	5582	2840	13645	12980	8766	13881	16517	13087	6079	13842	4379	14253	2956	8609	11250	11715	4475	16788	7127	5941	12281	6372	18134	2416	12735	11239	13494	11346	4921	7025	11852	11506	9861	14953	6671	13556	14225	11047	4632	11063	13963	13544	14213	10282	16003	12750	2731	9430	12275	15236	1799	13529	13234	9421	15912	12745	7456	15147	11626	13677	8446	7052	2169	15381	8172	5934	16317	3802	6305	9293	16159	9421	9184	6240	6740	7903	12202	14213	12196	10077	10016	14297	9109	16919	13919	10586	18141	5387	12323	12613	13873	12556	12097	7502	5194	15243	13949	6749	16656	7802	8898	11888	13325	16028	7696	16559	8593	7029	10684	10742	14810	11467	11173	13654	3733	6828	14973	13482	11989	6894	14661	10881	2275	9509	7622	16302	11420	4619	14417	5662	8211	11908	16253	15106	16899	18306	16395	11910	13457	13726	18705	12845	14084	16917
5484	11989	13132	13538	4221	1880	12123	273	14522	8715	12553	11223	12958	5630	9678	7060	6093	995	11630	6678	4523	8994	5179	9961	9031	8041	8200	7429	8374	16628	11218	0	8598	7864	3894	5519	8479	3077	6801	8267	5472	6822	11427	8761	7510	6676	15302	6410	10146	7366	6690	2326	8358	6426	4995	3175	4059	16705	8405	6652	3384	9835	7935	6053	6356	11150	646	8971	2867	3923	6886	2461	14589	7539	10793	6445	11893	7638	15082	10285	2994	14593	12676	8524	7107	2322	7090	6510	12232	7408	13112	7308	14106	14558	13373	8662	16824	8049	7153	5579	9441	10791	10060	15717	8635	13123	5067	3580	8947	8866	6909	17762	4848	15941	16486	4092	5599	5791	6237	5076	13178	15975	6255	7946	5790	6445	7339	5568	12454	11170	2331	8846	9860	8880	6134	6273	9882	1536	9505	9326	2490	7286	10696	18025	9979	6680	9180	16881	6772	13446	4917	2180	5968	6273	5115	13689	11214	4162	5246	5918	7837	18526	1238	4101	12808	9664	6951	5389	9814	6180	4347	14863	3576	6702	12299	10706	13424	10485	5884	15695	8971	7367	4000	3210	2583	11901	10351	5842	16355	15218	11217	8052	8690	6811	5771	10622	12116	4603	7003	6122	1160	11737	10645	634	10439	3059	5972	12453	5678	9933	3216	14832	17687	9447	7670	7319	8440	10447	12354	7369	4901	4524	8260	9121	6835	7090
10496	11383	12020	6389	7606	9852	9458	8614	8022	9670	10389	10438	18441	12163	7964	4023	4229	9000	9469	9023	7633	6430	3692	5755	5181	5902	6628	8524	9989	8832	4796	8598	0	11191	5959	7390	12128	11664	8098	13151	7564	9325	7542	7731	9133	13793	9883	9437	9287	9814	9154	9994	7540	12451	10867	11280	11932	8108	9866	11262	6208	6102	1810	3386	10620	11571	8038	12218	11074	12270	8305	8588	7013	12572	12057	5486	3297	11632	12066	11826	6505	11604	4380	3058	8885	9271	3976	9086	15424	8370	10858	9102	5520	15385	5103	4131	11949	7117	2466	12937	10828	10223	8344	10871	13482	7082	8029	6907	9126	6967	6268	10680	7180	11440	14029	10900	3003	8780	9433	6354	9427	15109	9169	8912	9450	5486	11222	7986	7525	6117	10730	10801	5334	9139	8440	4638	11905	9747	3332	10888	7679	8937	4937	10498	5948	10586	3887	9698	11532	8572	4881	6443	11506	4638	4628	11035	3839	4436	7469	9439	7554	11947	7831	9974	6837	12806	9143	5861	14201	5974	7752	16528	9699	7773	9351	11737	9990	11551	9173	11283	12218	3011	4897	7652	11178	13661	4047	14116	8871	7103	7333	6139	10337	6689	6396	9985	8453	4368	10187	8690	9737	11446	11034	8011	6430	5781	9114	15420	6648	8529	11034	10326	12092	7727	11499	10344	12270	15470	16669	7191	8798	9171	13917	8542	9299	12128
